$ 1 0.0000049999999999999996 63.79968419005069 50 5 50 5e-11
R 496 384 448 384 0 1 50 1.65 1.65 0 0.5
r 736 400 736 464 0 47000
g 736 464 736 480 0 0
r 736 400 832 400 0 100000
a 832 416 928 416 8 10 -10 1000000 0.000011198164079347184 0 100000
g 832 432 832 448 0 0
r 736 320 832 320 0 100000
r 832 320 928 320 0 47000
w 736 320 736 400 0
w 832 320 832 400 0
w 928 320 928 416 0
r 1024 416 1104 416 0 22000
c 1104 416 1104 480 4 4.7e-10 -1.124872029511131 0.001 0
g 1104 480 1104 496 0 0
r 1328 400 1328 480 0 27000
g 1328 480 1328 496 0 0
w 1184 416 1104 416 0
368 928 320 928 272 0 1
368 1328 400 1376 400 0 1
w 1280 400 1328 400 0
a 1184 400 1280 400 8 10 -10 1000000 -1.124860780903322 -1.124872029511131 100000
r 928 416 1024 416 0 10000
c 1024 336 1104 336 4 1e-9 0.0034565760011091573 1.65 0
w 1024 336 1024 416 0
w 1184 384 1184 336 0
w 1184 336 1104 336 0
w 1184 336 1280 336 0
w 1280 336 1280 400 0
209 736 400 656 400 4 0.000009999999999999999 1.634971133664549 1.65 0 1
368 736 320 736 272 0 1
a 560 400 656 400 8 10 -10 1000000 0.0000044365397156557864 0 100000
w 656 400 656 352 0
w 560 352 560 384 0
r 560 352 656 352 0 10000
r 496 384 560 384 0 10000
g 560 416 560 432 0 0
o 14 16 0 4098 10 0.000390625 0 4 14 3 0 0 0 3
o 28 32 0 4098 2.5 0.000390625 1 2 28 3
38 0 F1 3 1000 30000 -1 Frequency
